85
5988
581
375
2723
9397
7921
6791
6127
7303
4052
2328
7636
6819
7269
2227
2741
7511
3947
6552
1960
7505
7824
7215
7331
6540
3322
1668
5764
2253
9810
9429
3996
9095
9872
6559
5056
426
8168
5823
272
812
3632
4718
4028
6665
213
4590
1830
5287
5096
3427
3228
6517
2673
9223
7284
330
5111
6623
4694
6521
3610
5089
6010
5722
5768
1571
4746
6025
3882
9773
4519
798
8897
8237
5187
6098
6171
8682
7320
1729
7943
4890
4227
8535
